72208 CHS Charleston Observations at 12Z 06 Aug 2024
-----------------------------------------------------------------------------
   PRES   HGHT   TEMP   DWPT   RELH   MIXR   DRCT   SKNT   THTA   THTE   THTV
    hPa     m      C      C      %    g/kg    deg   knot     K      K      K 
-----------------------------------------------------------------------------
 1005.0     15   25.0   23.6     92  18.65     90      7  297.7  352.0  301.0
 1000.0     60   24.4   22.6     90  17.61    120     24  297.6  348.8  300.7
  998.0     78   24.4   22.6     90  17.65    121     24  297.7  349.1  300.9
  990.0    148   24.2   22.4     90  17.57    124     25  298.2  349.4  301.3
  982.0    220   24.4   22.8     91  18.17    127     27  299.1  352.3  302.3
  973.0    301   23.9   22.1     90  17.58    130     28  299.4  351.0  302.6
  966.0    364   23.6   21.6     89  17.14    134     29  299.7  350.0  302.8
  954.0    473   22.9   21.2     90  16.95    140     30  300.1  349.9  303.1
  940.0    602   22.1   20.8     92  16.73    135     30  300.5  349.8  303.5
  925.0    743   21.2   20.3     95  16.50    135     32  301.0  349.7  303.9
  922.0    771   21.1   20.2     95  16.45    135     32  301.1  349.7  304.1
  908.0    904   20.4   19.7     96  16.21    145     30  301.7  349.7  304.6
  898.0   1000   19.9   19.4     97  16.03    145     30  302.1  349.7  305.1
  893.0   1049   19.6   19.2     98  15.95    145     31  302.4  349.7  305.3
  888.0   1097   19.3   18.8     97  15.64    145     32  302.5  348.9  305.3
  878.0   1195   18.6   18.0     96  15.02    145     33  302.8  347.5  305.5
  876.0   1215   18.5   17.9     96  14.99    145     33  302.9  347.5  305.6
  854.0   1434   17.6   17.1     97  14.62    145     31  304.1  347.9  306.8
  850.0   1474   17.4   17.0     98  14.56    145     32  304.4  347.9  307.0
  844.0   1535   17.2   16.9     98  14.52    145     32  304.8  348.4  307.5
  842.0   1555   17.2   16.8     98  14.51    145     32  305.0  348.5  307.6
  833.0   1647   16.9   16.5     98  14.39    145     33  305.6  348.8  308.2
  823.0   1750   16.5   16.2     98  14.25    145     31  306.2  349.2  308.8
  821.0   1771   16.4   16.1     98  14.22    144     31  306.3  349.3  308.9
  813.0   1854   15.9   15.6     98  13.90    140     32  306.7  348.7  309.3
  790.0   2097   14.6   14.1     97  12.99    145     35  307.8  347.2  310.2
  784.0   2161   14.2   13.7     97  12.75    140     36  308.1  346.9  310.4
  767.0   2347   13.2   12.6     96  12.10    140     35  308.9  345.9  311.1
  750.0   2536   12.1   11.4     96  11.45    145     38  309.7  344.9  311.8
  742.0   2627   11.6   10.9     95  11.16    145     37  310.1  344.4  312.2
  724.0   2833   10.8   10.0     95  10.77    145     35  311.4  344.8  313.4
  714.0   2949   10.4    9.5     94  10.55    149     37  312.2  345.0  314.2
  703.0   3078    9.8    8.6     92  10.07    154     39  312.9  344.4  314.8
  700.0   3114    9.8    8.6     92  10.12    155     39  313.3  344.9  315.2
  693.0   3198    9.6    8.7     94  10.29    160     39  314.0  346.2  315.9
  682.0   3331    9.0    7.8     92   9.83    160     38  314.8  345.7  316.6
  678.0   3380    8.8    7.5     91   9.66    160     37  315.0  345.5  316.9
  670.0   3478    8.3    6.8     90   9.32    160     41  315.6  345.1  317.4
  663.0   3566    8.0    6.2     88   9.03    160     40  316.1  344.8  317.9
  655.0   3666    7.5    5.5     87   8.71    160     42  316.7  344.4  318.4
  653.0   3692    7.4    5.3     87   8.63    160     42  316.9  344.4  318.5
  649.0   3742    7.1    5.0     87   8.52    160     42  317.1  344.2  318.7
  642.0   3832    6.5    4.6     88   8.35    155     39  317.3  344.0  318.9
  635.0   3922    5.8    4.1     89   8.17    155     40  317.6  343.8  319.2
  630.0   3987    5.4    3.8     89   8.04    153     38  317.9  343.6  319.4
  614.0   4197    4.2    2.4     88   7.45    145     33  318.8  342.9  320.3
  608.0   4277    3.8    1.8     87   7.23    150     29  319.2  342.6  320.6
  601.0   4372    3.2    1.2     86   6.98    140     29  319.7  342.3  321.0
  598.0   4413    3.0    0.9     86   6.88    142     29  319.9  342.2  321.2
  594.0   4467    2.7    0.8     87   6.87    145     28  320.1  342.4  321.5
  588.0   4549    2.3    0.6     89   6.85    145     26  320.6  342.9  321.9
  581.0   4646    1.8    0.4     91   6.83    155     26  321.1  343.3  322.4
  575.0   4730    1.3    0.2     92   6.81    150     24  321.5  343.7  322.8
  569.0   4815    0.9    0.0     94   6.79    160     25  321.9  344.1  323.2
  568.0   4830    0.8    0.0     94   6.78    161     25  322.0  344.2  323.3
  563.0   4900    0.5   -0.2     95   6.73    165     24  322.5  344.6  323.8
  557.0   4986    0.2   -0.5     95   6.67    160     27  323.1  345.0  324.4
  551.0   5073   -0.2   -0.8     96   6.61    155     25  323.6  345.5  324.9
  545.0   5161   -0.5   -1.0     96   6.55    155     25  324.2  345.9  325.5
  539.0   5249   -0.9   -1.3     97   6.49    160     27  324.8  346.4  326.1
  532.0   5354   -1.3   -1.6     98   6.42    160     24  325.5  346.9  326.8
  513.0   5646   -2.5   -2.5    100   6.22    145     18  327.5  348.4  328.7
  510.0   5693   -2.7   -2.7    100   6.19    147     18  327.8  348.6  329.1
  501.0   5834   -3.3   -3.3    100   6.03    154     20  328.8  349.1  330.0
  500.0   5850   -3.5   -3.5    100   5.95    155     20  328.7  348.8  329.9
  486.0   6073   -4.5   -4.9     97   5.49    150     19  330.1  348.9  331.2
  480.0   6170   -5.0   -5.5     96   5.30    155     20  330.8  348.9  331.8
  473.0   6286   -5.5   -6.3     94   5.09    155     21  331.5  349.0  332.5
  470.0   6335   -5.7   -6.6     93   5.00    156     21  331.8  349.0  332.8
  458.0   6537   -6.7   -7.9     91   4.63    159     23  333.1  349.1  334.0
  455.0   6588   -6.9   -8.1     92   4.61    160     23  333.4  349.5  334.4
  450.0   6674   -7.2   -8.3     92   4.57    160     24  334.1  350.0  335.0
  446.0   6743   -7.5   -8.5     93   4.54    160     22  334.6  350.4  335.5
  444.0   6778   -7.7   -8.7     92   4.49    160     21  334.8  350.5  335.7
  438.0   6883   -8.2   -9.3     92   4.34    165     23  335.4  350.6  336.2
  432.0   6989   -8.8   -9.9     92   4.19    170     22  335.9  350.7  336.8
  421.0   7188   -9.9  -11.1     91   3.93    180     20  337.1  351.0  337.9
  416.0   7280  -10.4  -11.6     91   3.81    185     20  337.6  351.1  338.4
  415.0   7299  -10.5  -11.7     91   3.79    184     20  337.7  351.2  338.4
  405.0   7485  -11.8  -13.0     91   3.50    170     18  338.4  350.9  339.1
  401.0   7561  -12.3  -13.5     91   3.39    174     20  338.7  350.8  339.4
  400.0   7580  -12.3  -13.5     91   3.39    175     20  338.9  351.1  339.6
  384.0   7891  -14.2  -15.7     89   2.96    155     22  340.4  351.2  341.0
  383.0   7911  -14.3  -15.8     88   2.93    155     22  340.5  351.2  341.1
  378.0   8010  -14.8  -16.2     89   2.86    155     22  341.1  351.6  341.7
  372.0   8131  -15.5  -16.8     90   2.78    155     22  341.8  352.0  342.3
  362.0   8336  -16.9  -18.3     89   2.50    155     21  342.5  351.8  343.0
  361.0   8357  -17.1  -18.5     89   2.48    155     21  342.6  351.8  343.1
  348.0   8631  -19.1  -20.6     88   2.15    160     21  343.5  351.5  343.9
  347.0   8652  -19.2  -20.8     88   2.12    160     21  343.6  351.5  344.0
  342.0   8760  -19.9  -21.5     87   2.02    170     21  344.1  351.7  344.5
  337.0   8869  -20.6  -22.3     86   1.91    165     23  344.6  351.8  345.0
  335.0   8913  -20.9  -22.6     86   1.87    165     23  344.8  351.9  345.2
  333.0   8957  -21.2  -22.8     87   1.84    165     23  345.0  352.0  345.4
  328.0   9069  -21.9  -23.4     88   1.78    165     22  345.5  352.3  345.9
  323.0   9182  -22.6  -24.1     87   1.69    165     15  346.1  352.6  346.4
  322.0   9205  -22.7  -24.3     87   1.67    164     15  346.2  352.6  346.6
  318.0   9296  -23.4  -24.9     87   1.60    160     15  346.5  352.7  346.9
  316.0   9342  -23.7  -25.2     87   1.57    164     14  346.7  352.7  347.0
  313.0   9412  -24.1  -25.7     87   1.52    170     12  347.1  352.9  347.4
  309.0   9505  -24.7  -26.3     86   1.45    165     10  347.5  353.2  347.9
  306.0   9576  -25.1  -26.8     86   1.40    158     11  347.9  353.4  348.2
  300.0   9720  -25.9  -27.5     86   1.34    145     13  348.8  354.0  349.1
  299.0   9744  -26.1  -27.7     86   1.32    145     13  348.8  354.0  349.1
  294.0   9866  -27.0  -28.6     87   1.24    135     13  349.2  354.1  349.5
  285.0  10092  -28.7  -30.2     87   1.10    131     16  349.9  354.3  350.1
  283.0  10142  -29.1  -30.6     86   1.06    130     17  350.0  354.2  350.3
  281.0  10193  -29.5  -31.1     86   1.02    132     18  350.2  354.2  350.4
  278.0  10270  -30.1  -31.6     87   0.98    135     20  350.4  354.3  350.6
  274.0  10374  -30.9  -32.3     87   0.93    139     22  350.7  354.4  350.9
  268.0  10530  -32.3  -33.9     86   0.82    145     25  350.9  354.2  351.1
  263.0  10663  -33.4  -35.2     84   0.73    145     23  351.1  354.1  351.2
  259.0  10772  -34.4  -36.3     83   0.67    140     24  351.2  354.0  351.4
  256.0  10854  -35.1  -37.1     82   0.62    140     26  351.4  353.9  351.5
  255.0  10882  -35.3  -37.3     82   0.61    140     27  351.4  353.9  351.5
  251.0  10992  -36.3  -38.1     83   0.57    135     25  351.6  354.0  351.7
  250.0  11020  -36.5  -38.3     83   0.56    130     26  351.7  354.0  351.8
  246.0  11131  -37.5  -39.2     84   0.52    135     28  351.8  354.0  351.9
  242.0  11243  -38.5  -40.2     84   0.48    135     23  352.0  354.0  352.1
  234.0  11474  -40.5  -42.1     85   0.41    125     30  352.3  354.0  352.4
  231.0  11561  -41.3  -43.0     84   0.37    135     31  352.4  354.0  352.5
  227.0  11679  -42.3  -44.1     82   0.34    130     33  352.6  354.1  352.7
  224.0  11769  -43.1  -45.0     81   0.31    134     31  352.8  354.1  352.8
  219.0  11920  -44.5  -46.2     82   0.28    140     27  352.9  354.1  353.0
  215.0  12043  -45.6  -47.3     83   0.25    140     26  353.1  354.2  353.1
  212.0  12137  -46.4  -48.0     83   0.23    145     27  353.2  354.2  353.2
  211.0  12168  -46.7  -48.3     84   0.23    144     27  353.2  354.2  353.3
  204.0  12390  -48.7  -50.2     85   0.19    135     30  353.5  354.3  353.5
  200.0  12520  -49.9  -51.3     85   0.17    145     31  353.6  354.4  353.6
  199.0  12553  -50.3  -51.5     87   0.17    145     31  353.5  354.2  353.5
  198.0  12585  -50.6  -51.8     87   0.16    145     31  353.5  354.2  353.5
  195.0  12684  -51.5  -52.8     86   0.15    145     31  353.6  354.3  353.6
  191.0  12818  -52.6  -53.6     89   0.14    145     32  353.9  354.5  353.9
  188.0  12920  -53.5  -54.3     91   0.13    145     31  354.1  354.7  354.1
  184.0  13057  -54.7  -55.9     86   0.11    145     30  354.3  354.8  354.4
  182.0  13126  -55.3  -56.7     84   0.10    145     27  354.5  354.9  354.5
  181.0  13161  -55.6  -56.8     86   0.10    145     26  354.6  355.0  354.6
  179.0  13232  -56.1  -57.1     88   0.09    143     25  354.8  355.3  354.9
  175.0  13374  -57.5  -59.2     81   0.07    140     22  354.8  355.1  354.8
  174.0  13410  -57.9  -59.7     80   0.07    142     21  354.8  355.1  354.8
  169.0  13593  -59.3  -60.9     81   0.06    150     15  355.4  355.7  355.4
  165.0  13742  -60.5  -62.5     77   0.05    128     10  355.8  356.1  355.8
  160.0  13932  -61.7  -63.4     80   0.05    101      4  356.9  357.2  357.0
  159.0  13971  -61.8  -63.7     78   0.05     95      3  357.4  357.6  357.4
  157.0  14049  -62.1  -64.3     75   0.04     53      8  358.2  358.4  358.2
  155.0  14128  -61.7  -63.9     75   0.05     11     13  360.2  360.4  360.2
  154.0  14168  -61.6  -64.0     73   0.05    350     16  361.0  361.3  361.1
  153.0  14208  -61.5  -64.0     72   0.05    357     18  361.9  362.1  361.9
  152.0  14248  -61.7  -64.2     72   0.04      5     20  362.2  362.4  362.2
  150.0  14330  -62.1  -64.3     75   0.04      5     18  362.9  363.1  362.9
  147.0  14454  -62.9  -65.0     76   0.04      0     17  363.6  363.8  363.6
  145.0  14539  -63.5  -65.5     76   0.04    350     16  364.0  364.2  364.0
  144.0  14581  -63.5  -65.9     72   0.04    345     16  364.7  364.9  364.7
  142.0  14667  -63.3  -66.2     68   0.04    345     15  366.5  366.7  366.5
  141.0  14711  -63.1  -66.0     67   0.04    345     14  367.6  367.8  367.6
  138.0  14843  -62.5  -65.5     67   0.04      0     14  370.9  371.1  370.9
  135.0  14979  -61.9  -65.0     66   0.05     26     13  374.4  374.6  374.4
  134.0  15025  -62.3  -65.4     66   0.04     35     12  374.4  374.6  374.4
  125.0  15450  -66.7  -67.7     87   0.03    116      9  374.0  374.1  374.0
  123.0  15547  -67.2  -68.5     84   0.03    135      8  374.8  375.0  374.8
  121.0  15646  -67.7  -69.2     80   0.03    135     10  375.7  375.9  375.7
  120.0  15696  -67.9  -69.6     79   0.03    147     11  376.2  376.3  376.2
  119.0  15746  -68.2  -69.7     81   0.03    160     12  376.5  376.6  376.5
  115.0  15951  -69.6  -70.2     92   0.03    190      9  377.7  377.8  377.7
  114.0  16003  -69.9  -70.3     94   0.03    197     10  378.0  378.1  378.0
  113.0  16055  -70.2  -70.9     90   0.02    205     11  378.4  378.5  378.4
  112.0  16108  -70.5  -71.5     87   0.02    224     10  378.8  378.9  378.8
  108.0  16324  -71.1  -72.3     84   0.02    300      5  381.6  381.7  381.6
  107.0  16379  -71.1  -72.7     79   0.02    317      7  382.6  382.7  382.6
  106.0  16434  -71.0  -72.7     77   0.02    335     10  383.9  384.0  383.9
  104.0  16547  -70.7  -72.7     74   0.02     20     12  386.6  386.7  386.6
  100.0  16780  -70.1  -72.8     68   0.02     45     21  392.0  392.1  392.0
   98.0  16900  -70.5  -73.4     65   0.02     55     13  393.6  393.7  393.6
   96.0  17022  -70.9  -74.0     63   0.02     30     12  395.1  395.2  395.1
   94.8  17096  -71.1  -74.4     61   0.02     24     14  396.1  396.2  396.1
   94.0  17147  -70.5  -74.1     59   0.02     20     15  398.2  398.3  398.2
   93.0  17211  -69.8  -73.8     56   0.02     20     21  400.8  400.9  400.8
   91.0  17341  -68.3  -73.1     50   0.02     30     19  406.2  406.3  406.2
   89.0  17474  -66.9  -72.5     45   0.02     25     22  411.8  411.9  411.8
   88.0  17542  -66.1  -72.1     43   0.03     35     24  414.6  414.8  414.6
   86.0  17681  -65.3  -71.3     43   0.03     61     19  419.0  419.1  419.0
   83.3  17875  -65.7  -71.7     43   0.03     97     12  422.0  422.2  422.0
   82.0  17970  -65.5  -72.1     39   0.03    115      8  424.4  424.6  424.4
   81.2  18030  -65.3  -72.3     37   0.03     99     10  425.9  426.1  425.9
   80.0  18121  -65.2  -72.2     37   0.03     75     14  427.9  428.1  427.9
   78.4  18243  -65.1  -72.1     37   0.03     80     19  430.6  430.8  430.6
   77.7  18298  -65.3  -72.3     37   0.03     83     21  431.3  431.5  431.3
   77.0  18353  -65.4  -72.6     37   0.03     85     23  432.1  432.3  432.1
   71.9  18768  -66.5  -74.5     32   0.02    106     16  438.4  438.6  438.4
   71.0  18844  -66.7  -74.7     32   0.02    110     15  439.6  439.7  439.6
   70.0  18930  -66.9  -74.9     31   0.02    100     12  440.9  441.1  440.9
   69.9  18939  -66.9  -74.9     31   0.02     99     12  441.1  441.2  441.1
   67.0  19195  -67.0  -75.7     28   0.02     75     19  446.3  446.4  446.3
   65.0  19378  -67.0  -76.3     26   0.02     95     20  450.1  450.2  450.1
   63.0  19567  -67.1  -76.9     24   0.02     85     26  454.0  454.1  454.0
   62.3  19635  -67.1  -77.1     23   0.02     85     25  455.4  455.5  455.4
   62.1  19654  -67.1  -77.1     23   0.02     85     24  455.8  455.9  455.8
   62.0  19664  -67.1  -77.1     23   0.02     85     24  456.1  456.2  456.1
   60.0  19864  -66.3  -77.1     21   0.02     70     18  462.2  462.3  462.2
   58.0  20072  -65.5  -77.0     19   0.02     85     27  468.5  468.6  468.5
   56.0  20287  -64.6  -77.0     17   0.02     75     24  475.1  475.3  475.2
   55.0  20397  -64.2  -77.0     16   0.02     80     26  478.6  478.7  478.6
   53.0  20623  -63.3  -77.0     14   0.02     60     22  485.7  485.9  485.8
   52.0  20740  -62.8  -76.9     13   0.02     70     26  489.5  489.6  489.5
   51.0  20859  -62.4  -76.9     13   0.02     70     27  493.3  493.4  493.3
   50.0  20980  -61.9  -76.9     12   0.02     75     29  497.2  497.4  497.2
   49.0  21105  -61.7  -77.7     10   0.02     70     31  500.5  500.7  500.5
   48.8  21130  -61.7  -77.7     10   0.02     70     32  501.1  501.3  501.1
   48.0  21232  -61.5  -77.7     10   0.02     70     34  503.9  504.1  503.9
   47.0  21362  -61.3  -77.7     10   0.02     90     29  507.6  507.7  507.6
   46.0  21496  -61.0  -77.7      9   0.02     90     28  511.3  511.4  511.3
   45.0  21632  -60.8  -77.7      9   0.02     80     30  515.1  515.3  515.1
   44.7  21673  -60.7  -77.7      9   0.02     81     31  516.3  516.4  516.3
   43.0  21913  -61.0  -78.6      8   0.02     90     40  521.2  521.4  521.2
   42.0  22059  -61.2  -79.1      8   0.02    105     36  524.2  524.4  524.2
   41.7  22103  -61.3  -79.3      8   0.02    103     35  525.1  525.3  525.1
   40.0  22366  -60.2  -79.3      7   0.02     90     31  534.0  534.2  534.0
   39.0  22525  -59.6  -79.3      6   0.02     80     31  539.5  539.7  539.5
   38.0  22689  -59.0  -79.2      6   0.02     80     37  545.2  545.4  545.2
   37.0  22857  -58.3  -79.2      5   0.02     95     41  551.1  551.3  551.1
   36.0  23030  -57.6  -79.2      5   0.02     95     37  557.2  557.4  557.2
   35.0  23208  -56.9  -79.2      4   0.02     85     39  563.6  563.8  563.6
   34.0  23390  -56.2  -79.2      4   0.02    100     36  570.2  570.4  570.2
   32.0  23773  -54.6  -79.1      3   0.02    105     40  584.2  584.4  584.2
   31.0  23973  -53.8  -79.1      3   0.02    120     35  591.7  591.9  591.7
   30.1  24159  -53.1  -79.1      3   0.03    111     33  598.7  598.9  598.7
   30.0  24180  -53.1  -79.1      3   0.03    110     33  599.3  599.5  599.3
   29.8  24223  -53.1  -79.1      3   0.03    109     33  600.4  600.7  600.4
   28.0  24624  -53.6  -79.0      3   0.03    100     30  609.9  610.1  609.9
   27.0  24857  -53.9  -78.9      3   0.03    100     32  615.4  615.7  615.4
   26.9  24881  -53.9  -78.9      3   0.03     99     32  616.0  616.3  616.0
   26.0  25100  -53.8  -78.8      3   0.03     90     31  622.4  622.7  622.5
   25.7  25174  -53.7  -78.7      3   0.03     89     32  624.7  625.0  624.7
   25.0  25352  -53.6  -78.6      3   0.03     85     35  629.9  630.2  629.9
   24.0  25614  -53.5  -78.5      3   0.04     70     42  637.7  638.0  637.7
   23.0  25888  -53.3  -78.3      3   0.04     75     47  646.0  646.3  646.0
   22.0  26173  -53.6  -78.6      3   0.04     55     37  653.4  653.7  653.4
   21.6  26291  -53.7  -78.7      3   0.04     61     40  656.5  656.8  656.5
   21.0  26474  -52.2  -78.3      3   0.04     70     44  666.2  666.6  666.2
   20.0  26790  -49.7  -77.7      2   0.05     75     40  683.3  683.8  683.3
   19.0  27127  -48.1  -77.0      2   0.06     80     44  698.4  699.0  698.5
   18.9  27162  -47.9  -76.9      2   0.06     82     45  700.0  700.6  700.0
   18.7  27232  -47.7  -76.7      2   0.06     86     48  702.8  703.4  702.8
   18.0  27482  -48.3  -77.0      2   0.06    100     56  708.5  709.1  708.5
   17.0  27858  -49.3  -77.4      2   0.06    100     55  717.0  717.7  717.1
   16.8  27936  -49.5  -77.5      2   0.06     98     54  718.8  719.5  718.9
   16.5  28054  -49.5  -77.5      2   0.06     95     54  722.5  723.2  722.6
   16.0  28257  -48.8  -77.3      2   0.06     90     52  731.2  731.9  731.2
   15.0  28684  -47.3  -76.8      2   0.07     90     49  749.7  750.5  749.7
   14.0  29140  -45.8  -76.3      2   0.09     90     37  769.9  770.9  770.0
   13.6  29332  -45.1  -76.1      2   0.09     87     40  778.6  779.6  778.6
   12.4  29947  -45.9  -75.9      2   0.10     78     51  796.6  797.8  796.6
   12.2  30056  -46.1  -76.1      2   0.10     77     53  799.6  800.8  799.6
   12.0  30166  -45.8  -76.1      2   0.10     75     55  804.5  805.7  804.5
   11.0  30747  -44.2  -75.9      2   0.12     80     58  830.4  831.8  830.5
   10.8  30870  -43.9  -75.9      2   0.12     82     61  836.0  837.4  836.0
   10.7  30932  -43.7  -75.7      2   0.12     83     63  838.9  840.4  839.0
   10.5  31059  -43.8  -65.9      7   0.52     85     66  843.0  848.9  843.2
   10.4  31123  -43.9  -60.9     13   1.01     85     66  845.0  856.4  845.5